[27.417, 27.384, -0.03300000000000125]
[999.427, 997.122, -2.3050000000000637]
[114.37, 114.142, -0.22800000000000864]
[22.384, 22.387, 0.0030000000000001137]
[60.928, 60.865, -0.06299999999999528]
[26.648, 26.622, -0.0259999999999998]
[24.885, 24.875, -0.010000000000001563]
[36.817, 36.777, -0.03999999999999915]
[38.626, 38.573, -0.05299999999999727]
[152.166, 151.851, -0.3149999999999977]
[55.669, 55.576, -0.09299999999999642]
[33.659, 33.615, -0.04399999999999693]
[61.546, 61.44, -0.10600000000000165]
[61.973, 61.898, -0.07499999999999574]
[122.312, 122.062, -0.25]
[109.574, 109.356, -0.21800000000000352]
[43.628, 43.577, -0.05100000000000193]
[19.583, 19.579, -0.003999999999997783]
[34.346, 34.311, -0.03499999999999659]
[89.738, 89.583, -0.15500000000000114]
[86.584, 86.412, -0.17199999999999704]
[53.998, 53.911, -0.08699999999999619]
[42.278, 42.219, -0.0589999999999975]
[45.43, 45.364, -0.0660000000000025]
[51.101, 51.028, -0.0730000000000004]
[74.187, 74.063, -0.12399999999999523]
[145.709, 145.411, -0.2980000000000018]
[148.28, 148.469, 0.18899999999999295]
[211.586, 211.681, 0.09499999999999886]
[200.352, 200.479, 0.12700000000000955]
[206.261, 206.374, 0.11299999999999955]
[167.447, 167.682, 0.23499999999998522]
[159.698, 160.024, 0.3259999999999934]
[139.789, 140.025, 0.23600000000001842]
[110.594, 110.945, 0.3509999999999991]
[101.481, 101.844, 0.36299999999999955]
[118.715, 119.022, 0.30700000000000216]
[143.251, 143.507, 0.2560000000000002]
[131.728, 131.989, 0.2609999999999957]
[193.913, 194.079, 0.16599999999999682]
[178.365, 178.562, 0.19700000000000273]
[119.769, 120.066, 0.29699999999999704]
[174.738, 174.971, 0.2330000000000041]
[177.332, 177.502, 0.17000000000001592]
[218.193, 218.296, 0.10299999999998022]
[198.656, 198.763, 0.10699999999999932]
[144.333, 144.593, 0.2599999999999909]
[230.618, 230.665, 0.046999999999997044]
[172.512, 172.732, 0.21999999999999886]
[278.11, 278.081, -0.028999999999996362]
[149.292, 149.562, 0.27000000000001023]
[219.923, 220.01, 0.08699999999998909]
[152.016, 152.281, 0.2650000000000148]
[147.906, 148.129, 0.22299999999998477]
[175.991, 176.192, 0.2009999999999934]
[91.471, 91.879, 0.40800000000000125]
[130.689, 130.949, 0.2600000000000193]
[183.391, 183.566, 0.17500000000001137]
[213.895, 214.014, 0.11899999999999977]
[183.157, 183.338, 0.18099999999998317]
[126.565, 126.894, 0.32900000000000773]
[221.432, 221.497, 0.06500000000002615]
[206.639, 206.762, 0.12299999999999045]
[215.037, 215.104, 0.06700000000000728]
[171.005, 171.187, 0.18200000000001637]
[122.787, 123.083, 0.29599999999999227]
[185.863, 185.976, 0.11299999999999955]
[159.562, 159.761, 0.19899999999998386]
[139.054, 139.263, 0.20900000000000318]
[137.22, 137.418, 0.1980000000000075]
[171.553, 171.691, 0.13800000000000523]
[220.401, 220.417, 0.015999999999991132]
[216.265, 216.279, 0.014000000000010004]
[204.084, 204.123, 0.03899999999998727]
[143.8, 143.996, 0.19599999999999795]
[173.2, 173.313, 0.11299999999999955]
[115.999, 116.212, 0.21300000000000807]
[147.641, 147.763, 0.1220000000000141]
[145.729, 145.824, 0.09499999999999886]
[156.084, 156.156, 0.07200000000000273]
[232.526, 232.358, -0.16800000000000637]
[206.704, 206.545, -0.15900000000002024]
[285.096, 284.765, -0.3310000000000173]
[182.08, 181.997, -0.08299999999999841]
[269.63, 269.31, -0.3199999999999932]
[199.658, 199.516, -0.1419999999999959]
[201.351, 201.176, -0.17500000000001137]
[205.785, 205.63, -0.15500000000000114]
[126.01, 126.014, 0.003999999999990678]
[385.912, 385.309, -0.6029999999999518]
[214.669, 214.453, -0.21600000000000819]
[214.699, 214.483, -0.21600000000000819]
[189.221, 189.056, -0.16499999999999204]
[296.257, 295.837, -0.4200000000000159]
[23.08, 23.297, 0.2170000000000023]
[87.224, 87.276, 0.0519999999999925]
[17.523, 17.744, 0.22100000000000009]
[22.497, 22.759, 0.26200000000000045]
[74.629, 74.722, 0.09299999999998931]
[18.581, 18.802, 0.22100000000000009]
[13.83, 14.058, 0.22799999999999976]
[78.318, 78.392, 0.07399999999999807]
[25.41, 25.598, 0.18799999999999883]
[18.212, 18.44, 0.22800000000000153]
[67.121, 67.23, 0.10900000000000887]
[40.665, 40.836, 0.17099999999999937]
[34.643, 34.805, 0.16199999999999903]
[121.536, 121.469, -0.06700000000000728]
[31.181, 31.336, 0.15499999999999758]
[22.293, 22.475, 0.18200000000000216]
[95.277, 95.276, -0.0010000000000047748]
[84.351, 84.396, 0.045000000000001705]
[24.257, 24.405, 0.1479999999999997]
[77.784, 77.808, 0.02400000000000091]
[15.644, 15.798, 0.15399999999999991]
[189.627, 189.374, -0.2530000000000143]
[69.64, 69.665, 0.025000000000005684]
[73.155, 73.173, 0.018000000000000682]
[77.382, 77.36, -0.02200000000000557]
[78.824, 78.775, -0.04899999999999238]
[30.069, 30.147, 0.0779999999999994]
[94.606, 94.546, -0.05999999999998806]
[83.588, 83.527, -0.06099999999999284]
[21.088, 21.16, 0.07199999999999918]
[38.103, 38.114, 0.01099999999999568]
[94.096, 93.959, -0.13700000000000045]
[103.879, 103.712, -0.1670000000000016]
[108.48, 108.29, -0.18999999999999773]